d <- 1.1244132
kT <- 0.375
b_beta <- 1 / kT
n_points <- 500
r_min <- 1
supsat <- 1.75